SOURCE	STRATA	DEP10	N_BREAK	TOTN	DISTFRAC
2	440	150	2	1177	.00169923534409516
2	440	160	5	1177	.00424808836023789
2	440	170	10	1177	.00849617672047579
2	440	180	17	1177	.0144435004248088
2	440	190	20	1177	.0169923534409516
2	440	200	30	1177	.0254885301614274
2	440	210	41	1177	.0348343245539507
2	440	220	41	1177	.0348343245539507
2	440	230	49	1177	.0416312659303314
2	440	240	41	1177	.0348343245539507
2	440	250	44	1177	.0373831775700935
2	440	260	47	1177	.0399320305862362
2	440	270	51	1177	.0433305012744265
2	440	280	58	1177	.0492778249787596
2	440	290	67	1177	.0569243840271878
2	440	300	65	1177	.0552251486830926
2	440	310	80	1177	.0679694137638063
2	440	320	68	1177	.0577740016992353
2	440	330	72	1177	.0611724723874257
2	440	340	102	1177	.086661002548853
2	440	350	136	1177	.115548003398471
2	440	360	82	1177	.0696686491079015
2	440	370	34	1177	.0288870008496177
2	440	380	15	1177	.0127442650807137
2	441	40	2	1451	.00137835975189524
2	441	50	2	1451	.00137835975189524
2	441	60	1	1451	.000689179875947622
2	441	70	5	1451	.00344589937973811
2	441	80	15	1451	.0103376981392143
2	441	90	84	1451	.0578911095796003
2	441	100	162	1451	.111647139903515
2	441	110	191	1451	.131633356305996
2	441	120	240	1451	.165403170227429
2	441	130	207	1451	.142660234321158
2	441	140	159	1451	.109579600275672
2	441	150	141	1451	.0971743625086148
2	441	160	109	1451	.0751206064782908
2	441	170	63	1451	.0434183321847002
2	441	180	29	1451	.019986216402481
2	441	190	23	1451	.0158511371467953
2	441	200	12	1451	.00827015851137147
2	441	210	6	1451	.00413507925568573
2	442	30	5	1960	.00255102040816327
2	442	40	138	1960	.0704081632653061
2	442	50	281	1960	.143367346938776
2	442	60	538	1960	.274489795918367
2	442	70	417	1960	.212755102040816
2	442	80	341	1960	.173979591836735
2	442	90	176	1960	.0897959183673469
2	442	100	45	1960	.0229591836734694
2	442	110	19	1960	.00969387755102041
2	443	50	12	920	.013043478
2	443	60	100	920	.108695652
2	443	70	229	920	.248913043
2	443	80	579	920	.629347826
2	444	90	770	6394	.120425399
2	444	100	855	6394	.133719112
2	444	110	707	6394	.110572412
2	444	120	637	6394	.099624648
2	444	130	735	6394	.114951517
2	444	140	696	6394	.108852049
2	444	150	696	6394	.108852049
2	444	160	546	6394	.085392556
2	444	170	424	6394	.066312168
2	444	180	328	6394	.051298092
2	445	190	264	1595	.165517241
2	445	200	307	1595	.192476489
2	445	210	205	1595	.128526646
2	445	220	189	1595	.118495298
2	445	230	124	1595	.077742947
2	445	240	111	1595	.069592476
2	445	250	134	1595	.084012539
2	445	260	104	1595	.065203762
2	445	270	65	1595	.040752351
2	445	280	37	1595	.023197492
2	445	290	19	1595	.011912226
2	445	300	13	1595	.00815047
2	445	310	8	1595	.005015674
2	445	320	4	1595	.002507837
2	445	330	1	1595	.000626959
2	445	340	1	1595	.000626959
2	445	350	2	1595	.001253918
2	445	360	3	1595	.001880878
2	445	370	2	1595	.001253918
2	445	380	1	1595	.000626959
2	445	390	1	1595	.000626959
2	446	140	1	554	.00180505415162455
2	446	150	2	554	.0036101083032491
2	446	160	2	554	.0036101083032491
2	446	170	1	554	.00180505415162455
2	446	180	11	554	.01985559566787
2	446	190	7	554	.0126353790613718
2	446	200	20	554	.036101083032491
2	446	210	23	554	.0415162454873646
2	446	220	31	554	.055956678700361
2	446	230	27	554	.0487364620938628
2	446	240	37	554	.0667870036101083
2	446	250	30	554	.0541516245487365
2	446	260	24	554	.0433212996389892
2	446	270	34	554	.0613718411552347
2	446	280	29	554	.0523465703971119
2	446	290	31	554	.055956678700361
2	446	300	34	554	.0613718411552347
2	446	310	32	554	.0577617328519856
2	446	320	44	554	.0794223826714802
2	446	330	32	554	.0577617328519856
2	446	340	28	554	.0505415162454874
2	446	350	25	554	.0451263537906137
2	446	360	30	554	.0541516245487365
2	446	370	12	554	.0216606498194946
2	446	380	6	554	.0108303249097473
2	446	390	1	554	.00180505415162455
2	447	20	3	2280	.00131578947368421
2	447	30	62	2280	.0271929824561404
2	447	40	473	2280	.207456140350877
2	447	50	504	2280	.221052631578947
2	447	60	605	2280	.265350877192982
2	447	70	283	2280	.124122807017544
2	447	80	142	2280	.062280701754386
2	447	90	83	2280	.0364035087719298
2	447	100	59	2280	.0258771929824561
2	447	110	22	2280	.00964912280701754
2	447	120	18	2280	.00789473684210526
2	447	130	8	2280	.00350877192982456
2	447	140	9	2280	.00394736842105263
2	447	150	4	2280	.00175438596491228
2	447	160	1	2280	.00043859649122807
2	447	170	3	2280	.00131578947368421
2	447	180	1	2280	.00043859649122807
2	448	30	1	1980	.000505050505050505
2	448	40	23	1980	.0116161616161616
2	448	50	285	1980	.143939393939394
2	448	60	681	1980	.343939393939394
2	448	70	557	1980	.281313131313131
2	448	80	198	1980	.1
2	448	90	117	1980	.0590909090909091
2	448	100	60	1980	.0303030303030303
2	448	110	21	1980	.0106060606060606
2	448	120	9	1980	.00454545454545455
2	448	130	7	1980	.00353535353535354
2	448	140	10	1980	.00505050505050505
2	448	150	3	1980	.00151515151515152
2	448	160	5	1980	.00252525252525253
2	448	180	2	1980	.00101010101010101
2	448	190	1	1980	.000505050505050505
2	449	50	2	216	.00925925925925926
2	449	60	2	216	.00925925925925926
2	449	70	7	216	.0324074074074074
2	449	80	13	216	.0601851851851852
2	449	90	28	216	.12962962962963
2	449	100	47	216	.217592592592593
2	449	110	30	216	.138888888888889
2	449	120	26	216	.12037037037037
2	449	130	13	216	.0601851851851852
2	449	140	12	216	.0555555555555556
2	449	150	14	216	.0648148148148148
2	449	160	6	216	.0277777777777778
2	449	170	7	216	.0324074074074074
2	449	180	2	216	.00925925925925926
2	449	190	2	216	.00925925925925926
2	449	200	1	216	.00462962962962963
2	449	210	1	216	.00462962962962963
2	449	220	2	216	.00925925925925926
2	449	240	1	216	.00462962962962963
2	450	50	1	528	.00189393939393939
2	450	60	4	528	.00757575757575758
2	450	70	13	528	.0246212121212121
2	450	80	26	528	.0492424242424242
2	450	90	51	528	.0965909090909091
2	450	100	91	528	.172348484848485
2	450	110	56	528	.106060606060606
2	450	120	60	528	.113636363636364
2	450	130	43	528	.0814393939393939
2	450	140	40	528	.0757575757575758
2	450	150	33	528	.0625
2	450	160	32	528	.0606060606060606
2	450	170	24	528	.0454545454545455
2	450	180	23	528	.0435606060606061
2	450	190	14	528	.0265151515151515
2	450	200	9	528	.0170454545454545
2	450	210	2	528	.00378787878787879
2	450	220	2	528	.00378787878787879
2	450	230	1	528	.00189393939393939
2	450	240	1	528	.00189393939393939
2	450	250	1	528	.00189393939393939
2	450	270	1	528	.00189393939393939
2	451	90	1	209	.00478468899521531
2	451	100	2	209	.00956937799043062
2	451	110	5	209	.0239234449760766
2	451	120	4	209	.0191387559808612
2	451	130	9	209	.0430622009569378
2	451	140	10	209	.0478468899521531
2	451	150	8	209	.0382775119617225
2	451	160	12	209	.0574162679425837
2	451	170	16	209	.076555023923445
2	451	180	20	209	.0956937799043062
2	451	190	18	209	.0861244019138756
2	451	200	12	209	.0574162679425837
2	451	210	18	209	.0861244019138756
2	451	220	8	209	.0382775119617225
2	451	230	12	209	.0574162679425837
2	451	240	12	209	.0574162679425837
2	451	250	8	209	.0382775119617225
2	451	260	5	209	.0239234449760766
2	451	270	4	209	.0191387559808612
2	451	280	3	209	.0143540669856459
2	451	290	4	209	.0191387559808612
2	451	300	3	209	.0143540669856459
2	451	310	5	209	.0239234449760766
2	451	330	2	209	.00956937799043062
2	451	360	1	209	.00478468899521531
2	451	370	1	209	.00478468899521531
2	451	390	2	209	.00956937799043062
2	451	400	2	209	.00956937799043062
2	451	420	1	209	.00478468899521531
2	451	510	1	209	.00478468899521531
2	452	130	1	451	.00221729490022173
2	452	140	7	451	.0155210643015521
2	452	150	16	451	.0354767184035477
2	452	160	18	451	.0399113082039911
2	452	170	24	451	.0532150776053215
2	452	180	43	451	.0953436807095344
2	452	190	47	451	.104212860310421
2	452	200	48	451	.106430155210643
2	452	210	51	451	.113082039911308
2	452	220	35	451	.0776053215077605
2	452	230	25	451	.0554323725055432
2	452	240	25	451	.0554323725055432
2	452	250	21	451	.0465631929046563
2	452	260	24	451	.0532150776053215
2	452	270	12	451	.0266075388026608
2	452	280	15	451	.0332594235033259
2	452	290	10	451	.0221729490022173
2	452	300	13	451	.0288248337028825
2	452	310	7	451	.0155210643015521
2	452	320	6	451	.0133037694013304
2	452	330	3	451	.00665188470066519
2	453	110	1	307	.00325732899022801
2	453	120	2	307	.00651465798045603
2	453	130	6	307	.0195439739413681
2	453	140	6	307	.0195439739413681
2	453	150	8	307	.0260586319218241
2	453	160	17	307	.0553745928338762
2	453	170	17	307	.0553745928338762
2	453	180	17	307	.0553745928338762
2	453	190	27	307	.0879478827361564
2	453	200	39	307	.127035830618893
2	453	210	22	307	.0716612377850163
2	453	220	20	307	.0651465798045603
2	453	230	22	307	.0716612377850163
2	453	240	27	307	.0879478827361564
2	453	250	12	307	.0390879478827362
2	453	260	9	307	.0293159609120521
2	453	270	11	307	.0358306188925081
2	453	280	7	307	.0228013029315961
2	453	290	4	307	.0130293159609121
2	453	300	8	307	.0260586319218241
2	453	310	3	307	.00977198697068404
2	453	320	4	307	.0130293159609121
2	453	340	7	307	.0228013029315961
2	453	350	1	307	.00325732899022801
2	453	360	1	307	.00325732899022801
2	453	390	1	307	.00325732899022801
2	453	400	2	307	.00651465798045603
2	453	420	1	307	.00325732899022801
2	453	440	1	307	.00325732899022801
2	453	510	1	307	.00325732899022801
2	453	540	1	307	.00325732899022801
2	453	560	1	307	.00325732899022801
2	453	570	1	307	.00325732899022801
2	454	30	2	702	.00284900284900285
2	454	40	1	702	.00142450142450142
2	454	50	2	702	.00284900284900285
2	454	60	1	702	.00142450142450142
2	454	70	8	702	.0113960113960114
2	454	80	48	702	.0683760683760684
2	454	90	119	702	.16951566951567
2	454	100	141	702	.200854700854701
2	454	110	99	702	.141025641025641
2	454	120	79	702	.112535612535613
2	454	130	52	702	.0740740740740741
2	454	140	55	702	.0783475783475783
2	454	150	36	702	.0512820512820513
2	454	160	17	702	.0242165242165242
2	454	170	15	702	.0213675213675214
2	454	180	7	702	.00997150997150997
2	454	190	7	702	.00997150997150997
2	454	200	7	702	.00997150997150997
2	454	210	2	702	.00284900284900285
2	454	220	3	702	.00427350427350427
2	454	260	1	702	.00142450142450142
2	455	20	9	2970	.00303030303030303
2	455	30	175	2970	.0589225589225589
2	455	40	519	2970	.174747474747475
2	455	50	815	2970	.274410774410774
2	455	60	771	2970	.25959595959596
2	455	70	391	2970	.131649831649832
2	455	80	229	2970	.0771043771043771
2	455	90	54	2970	.0181818181818182
2	455	100	6	2970	.00202020202020202
2	455	110	1	2970	.000336700336700337
2	456	20	8	1235	.00647773279352227
2	456	30	96	1235	.0777327935222672
2	456	40	141	1235	.11417004048583
2	456	50	189	1235	.153036437246964
2	456	60	225	1235	.182186234817814
2	456	70	161	1235	.130364372469636
2	456	80	134	1235	.108502024291498
2	456	90	106	1235	.08582995951417
2	456	100	74	1235	.059919028340081
2	456	110	37	1235	.0299595141700405
2	456	120	21	1235	.017004048582996
2	456	130	14	1235	.011336032388664
2	456	140	10	1235	.00809716599190283
2	456	150	3	1235	.00242914979757085
2	456	160	2	1235	.00161943319838057
2	456	170	3	1235	.00242914979757085
2	456	180	3	1235	.00242914979757085
2	456	190	2	1235	.00161943319838057
2	456	200	1	1235	.000809716599190283
2	456	210	2	1235	.00161943319838057
2	456	220	1	1235	.000809716599190283
2	456	240	1	1235	.000809716599190283
2	456	270	1	1235	.000809716599190283
2	457	50	1	1168	.000856164383561644
2	457	60	4	1168	.00342465753424658
2	457	70	10	1168	.00856164383561644
2	457	80	20	1168	.0171232876712329
2	457	90	39	1168	.0333904109589041
2	457	100	58	1168	.0496575342465753
2	457	110	105	1168	.0898972602739726
2	457	120	136	1168	.116438356164384
2	457	130	154	1168	.131849315068493
2	457	140	231	1168	.19777397260274
2	457	150	107	1168	.0916095890410959
2	457	160	113	1168	.0967465753424658
2	457	170	75	1168	.0642123287671233
2	457	180	65	1168	.0556506849315069
2	457	190	17	1168	.0145547945205479
2	457	200	13	1168	.0111301369863014
2	457	210	8	1168	.00684931506849315
2	457	220	6	1168	.00513698630136986
2	457	250	3	1168	.00256849315068493
2	457	260	2	1168	.00171232876712329
2	457	280	1	1168	.000856164383561644
2	458	10	1	911	.00109769484083425
2	458	30	97	911	.106476399560922
2	458	40	180	911	.197585071350165
2	458	50	200	911	.21953896816685
2	458	60	128	911	.140504939626784
2	458	70	92	911	.100987925356751
2	458	80	83	911	.0911086717892426
2	458	90	46	911	.0504939626783754
2	458	100	36	911	.0395170142700329
2	458	110	21	911	.0230515916575192
2	458	120	8	911	.00878155872667399
2	458	130	9	911	.00987925356750823
2	458	140	3	911	.00329308452250274
2	458	150	7	911	.00768386388583974
2	459	50	4	4301	.000930016275284818
2	459	60	47	4301	.0109276912345966
2	459	70	147	4301	.034178098116717
2	459	80	136	4301	.0316205533596838
2	459	90	189	4301	.0439432690072076
2	459	100	332	4301	.0771913508486399
2	459	110	363	4301	.0843989769820972
2	459	120	363	4301	.0843989769820972
2	459	130	335	4301	.0778888630551035
2	459	140	394	4301	.0916066031155545
2	459	150	433	4301	.100674261799582
2	459	160	445	4301	.103464310625436
2	459	170	284	4301	.066031155545222
2	459	180	270	4301	.0627760985817252
2	459	190	188	4301	.0437107649383864
2	459	200	135	4301	.0313880492908626
2	459	210	75	4301	.0174378051615903
2	459	220	51	4301	.0118577075098814
2	459	230	43	4301	.00999767495931179
2	459	240	29	4301	.00674261799581493
2	459	250	13	4301	.00302255289467566
2	459	260	8	4301	.00186003255056964
2	459	270	5	4301	.00116252034410602
2	459	280	3	4301	.000697512206463613
2	459	290	5	4301	.00116252034410602
2	459	300	4	4301	.000930016275284818
2	460	80	3	1777	.00168823860438942
2	460	90	9	1777	.00506471581316826
2	460	100	39	1777	.0219471018570625
2	460	110	68	1777	.0382667416994935
2	460	120	103	1777	.0579628587507034
2	460	130	196	1777	.110298255486775
2	460	140	281	1777	.158131682611142
2	460	150	290	1777	.163196398424311
2	460	160	306	1777	.172200337647721
2	460	170	204	1777	.114800225098481
2	460	180	170	1777	.0956668542487338
2	460	190	84	1777	.0472706809229038
2	460	200	18	1777	.0101294316263365
2	460	210	4	1777	.00225098480585256
2	460	220	1	1777	.00056274620146314
2	460	230	1	1777	.00056274620146314
2	461	150	5	1603	.00311915159076731
2	461	160	5	1603	.00311915159076731
2	461	170	14	1603	.00873362445414847
2	461	180	73	1603	.0455396132252027
2	461	190	140	1603	.0873362445414847
2	461	200	215	1603	.134123518402994
2	461	210	224	1603	.139737991266376
2	461	220	247	1603	.154086088583905
2	461	230	199	1603	.124142233312539
2	461	240	187	1603	.116656269494697
2	461	250	156	1603	.0973175296319401
2	461	260	101	1603	.0630068621334997
2	461	270	36	1603	.0224578914535246
2	461	280	1	1603	.000623830318153462
2	462	80	6	2964	.00202429149797571
2	462	90	60	2964	.0202429149797571
2	462	100	205	2964	.0691632928475034
2	462	110	191	2964	.0644399460188934
2	462	120	411	2964	.138663967611336
2	462	130	479	2964	.161605937921727
2	462	140	379	2964	.127867746288799
2	462	150	298	2964	.100539811066127
2	462	160	437	2964	.147435897435897
2	462	170	269	2964	.0907557354925776
2	462	180	149	2964	.0502699055330634
2	462	190	54	2964	.0182186234817814
2	462	200	23	2964	.00775978407557355
2	462	210	3	2964	.00101214574898785
2	463	70	62	433	.143187066974596
2	463	80	144	433	.33256351039261
2	463	90	194	433	.448036951501155
2	463	100	33	433	.0762124711316397
2	464	40	14	1762	.00794551645856981
2	464	50	173	1762	.0981838819523269
2	464	60	275	1762	.156072644721907
2	464	70	471	1762	.267309875141884
2	464	80	488	1762	.276958002270148
2	464	90	305	1762	.173098751418842
2	464	100	34	1762	.0192962542565267
2	464	110	2	1762	.00113507377979569
2	465	70	2	3203	.000624414611301905
2	465	80	8	3203	.00249765844520762
2	465	90	305	3203	.0952232282235404
2	465	100	1173	3203	.366219169528567
2	465	110	532	3203	.166094286606307
2	465	120	251	3203	.078364033718389
2	465	130	212	3203	.0661879487980019
2	465	140	201	3203	.0627536684358414
2	465	150	209	3203	.065251326881049
2	465	160	112	3203	.0349672182329066
2	465	170	57	3203	.0177958164221043
2	465	180	34	3203	.0106150483921324
2	465	190	16	3203	.00499531689041524
2	465	200	14	3203	.00437090227911333
2	465	210	9	3203	.00280986575085857
2	465	220	7	3203	.00218545113955667
2	465	230	6	3203	.00187324383390571
2	465	240	6	3203	.00187324383390571
2	465	250	6	3203	.00187324383390571
2	465	260	4	3203	.00124882922260381
2	465	270	4	3203	.00124882922260381
2	465	280	8	3203	.00249765844520762
2	465	290	8	3203	.00249765844520762
2	465	300	4	3203	.00124882922260381
2	465	310	2	3203	.000624414611301905
2	465	320	3	3203	.000936621916952857
2	465	340	2	3203	.000624414611301905
2	465	350	2	3203	.000624414611301905
2	465	360	2	3203	.000624414611301905
2	465	390	2	3203	.000624414611301905
2	465	400	2	3203	.000624414611301905
2	466	120	1	233	.00429184549356223
2	466	130	2	233	.00858369098712446
2	466	140	3	233	.0128755364806867
2	466	150	5	233	.0214592274678112
2	466	160	8	233	.0343347639484979
2	466	170	8	233	.0343347639484979
2	466	180	11	233	.0472103004291846
2	466	190	8	233	.0343347639484979
2	466	200	19	233	.0815450643776824
2	466	210	20	233	.0858369098712446
2	466	220	15	233	.0643776824034335
2	466	230	17	233	.0729613733905579
2	466	240	17	233	.0729613733905579
2	466	250	16	233	.0686695278969957
2	466	260	14	233	.0600858369098713
2	466	270	10	233	.0429184549356223
2	466	280	14	233	.0600858369098713
2	466	290	9	233	.0386266094420601
2	466	300	11	233	.0472103004291846
2	466	310	5	233	.0214592274678112
2	466	320	2	233	.00858369098712446
2	466	330	3	233	.0128755364806867
2	466	340	3	233	.0128755364806867
2	466	350	7	233	.0300429184549356
2	466	360	3	233	.0128755364806867
2	466	380	1	233	.00429184549356223
2	466	400	1	233	.00429184549356223
2	470	80	6	1183	.00507185122569738
2	470	90	19	1183	.0160608622147084
2	470	100	50	1183	.0422654268808115
2	470	110	101	1183	.0853761622992392
2	470	120	106	1183	.0896027049873204
2	470	130	124	1183	.104818258664413
2	470	140	120	1183	.101437024513948
2	470	150	139	1183	.117497886728656
2	470	160	177	1183	.149619611158073
2	470	170	163	1183	.137785291631445
2	470	180	125	1183	.105663567202029
2	470	190	47	1183	.0397295012679628
2	470	200	4	1183	.00338123415046492
2	470	210	2	1183	.00169061707523246
2	471	150	1	1339	.000746825989544436
2	471	160	3	1339	.00224047796863331
2	471	170	16	1339	.011949215832711
2	471	180	84	1339	.0627333831217326
2	471	190	223	1339	.166542195668409
2	471	200	237	1339	.176997759522031
2	471	210	193	1339	.144137415982076
2	471	220	227	1339	.169529499626587
2	471	230	221	1339	.16504854368932
2	471	240	118	1339	.0881254667662435
2	471	250	16	1339	.011949215832711
2	472	90	90	1691	.0532229450029568
2	472	100	222	1691	.131283264340627
2	472	110	126	1691	.0745121230041396
2	472	120	93	1691	.0549970431697221
2	472	130	102	1691	.0603193376700177
2	472	140	204	1691	.120638675340035
2	472	150	241	1691	.142519219396807
2	472	160	263	1691	.155529272619752
2	472	170	208	1691	.123004139562389
2	472	180	84	1691	.0496747486694264
2	472	190	36	1691	.0212891780011827
2	472	200	9	1691	.00532229450029568
2	472	210	2	1691	.00118273211117682
2	472	220	5	1691	.00295683027794205
2	472	230	1	1691	.000591366055588409
2	472	250	2	1691	.00118273211117682
2	472	260	1	1691	.000591366055588409
2	472	280	1	1691	.000591366055588409
2	472	300	1	1691	.000591366055588409
2	473	70	7	356	.0196629213483146
2	473	80	72	356	.202247191011236
2	473	90	238	356	.668539325842697
2	473	100	33	356	.0926966292134832
2	473	110	5	356	.0140449438202247
2	473	120	1	356	.00280898876404494
2	474	40	1	226	.00442477876106195
2	474	50	2	226	.00884955752212389
2	474	60	19	226	.084070796460177
2	474	70	63	226	.278761061946903
2	474	80	85	226	.376106194690265
2	474	90	40	226	.176991150442478
2	474	100	12	226	.0530973451327434
2	474	110	4	226	.0176991150442478
2	475	70	13	213	.0610328638497653
2	475	80	78	213	.366197183098592
2	475	90	100	213	.469483568075117
2	475	100	22	213	.103286384976526
2	476	80	5	1990	.00251256281407035
2	476	90	28	1990	.014070351758794
2	476	100	110	1990	.0552763819095477
2	476	110	229	1990	.115075376884422
2	476	120	219	1990	.110050251256281
2	476	130	300	1990	.150753768844221
2	476	140	318	1990	.159798994974874
2	476	150	354	1990	.177889447236181
2	476	160	335	1990	.168341708542714
2	476	170	72	1990	.0361809045226131
2	476	180	18	1990	.00904522613065327
2	476	190	2	1990	.00100502512562814
2	477	70	2	1664	.00120192307692308
2	477	80	6	1664	.00360576923076923
2	477	90	101	1664	.0606971153846154
2	477	100	351	1664	.2109375
2	477	110	486	1664	.292067307692308
2	477	120	427	1664	.256610576923077
2	477	130	100	1664	.0600961538461539
2	477	140	44	1664	.0264423076923077
2	477	150	22	1664	.0132211538461538
2	477	160	22	1664	.0132211538461538
2	477	170	18	1664	.0108173076923077
2	477	180	12	1664	.00721153846153846
2	477	190	13	1664	.0078125
2	477	200	11	1664	.00661057692307692
2	477	210	7	1664	.00420673076923077
2	477	220	4	1664	.00240384615384615
2	477	230	14	1664	.00841346153846154
2	477	240	7	1664	.00420673076923077
2	477	250	4	1664	.00240384615384615
2	477	260	1	1664	.000600961538461539
2	477	270	2	1664	.00120192307692308
2	477	280	3	1664	.00180288461538462
2	477	290	2	1664	.00120192307692308
2	477	300	1	1664	.000600961538461539
2	477	310	1	1664	.000600961538461539
2	477	380	3	1664	.00180288461538462
2	478	140	1	274	.00364963503649635
2	478	150	1	274	.00364963503649635
2	478	160	2	274	.0072992700729927
2	478	170	5	274	.0182481751824818
2	478	180	7	274	.0255474452554745
2	478	190	8	274	.0291970802919708
2	478	200	25	274	.0912408759124088
2	478	210	14	274	.0510948905109489
2	478	220	20	274	.072992700729927
2	478	230	15	274	.0547445255474453
2	478	240	15	274	.0547445255474453
2	478	250	16	274	.0583941605839416
2	478	260	14	274	.0510948905109489
2	478	270	19	274	.0693430656934307
2	478	280	14	274	.0510948905109489
2	478	290	20	274	.072992700729927
2	478	300	22	274	.0802919708029197
2	478	310	15	274	.0547445255474453
2	478	320	4	274	.0145985401459854
2	478	330	6	274	.0218978102189781
2	478	340	9	274	.0328467153284672
2	478	350	6	274	.0218978102189781
2	478	360	3	274	.0109489051094891
2	478	370	2	274	.0072992700729927
2	478	380	4	274	.0145985401459854
2	478	390	2	274	.0072992700729927
2	478	400	1	274	.00364963503649635
2	478	420	1	274	.00364963503649635
2	478	440	2	274	.0072992700729927
2	478	450	1	274	.00364963503649635
2	480	30	1	887	.00112739571589628
2	480	40	7	887	.00789177001127396
2	480	50	35	887	.0394588500563698
2	480	60	102	887	.114994363021421
2	480	70	103	887	.116121758737317
2	480	80	181	887	.204058624577227
2	480	90	357	887	.402480270574972
2	480	100	89	887	.100338218714769
2	480	110	9	887	.0101465614430665
2	480	120	1	887	.00112739571589628
2	480	130	1	887	.00112739571589628
2	480	150	1	887	.00112739571589628
2	481	60	1	2476	.000403877221324717
2	481	70	5	2476	.00201938610662359
2	481	80	18	2476	.00726978998384491
2	481	90	135	2476	.0545234248788368
2	481	100	448	2476	.180936995153473
2	481	110	417	2476	.168416801292407
2	481	120	407	2476	.16437802907916
2	481	130	342	2476	.138126009693053
2	481	140	213	2476	.0860258481421648
2	481	150	119	2476	.0480613893376414
2	481	160	111	2476	.0448303715670436
2	481	170	119	2476	.0480613893376414
2	481	180	87	2476	.0351373182552504
2	481	190	34	2476	.0137318255250404
2	481	200	10	2476	.00403877221324717
2	481	210	4	2476	.00161550888529887
2	481	230	1	2476	.000403877221324717
2	481	240	1	2476	.000403877221324717
2	481	260	1	2476	.000403877221324717
2	481	270	1	2476	.000403877221324717
2	481	300	2	2476	.000807754442649435
2	482	110	1	1323	.000755857898715042
2	482	120	1	1323	.000755857898715042
2	482	130	1	1323	.000755857898715042
2	482	140	1	1323	.000755857898715042
2	482	150	3	1323	.00226757369614512
2	482	160	7	1323	.00529100529100529
2	482	170	17	1323	.0128495842781557
2	482	180	29	1323	.0219198790627362
2	482	190	82	1323	.0619803476946334
2	482	200	124	1323	.0937263794406652
2	482	210	141	1323	.106575963718821
2	482	220	145	1323	.109599395313681
2	482	230	163	1323	.123204837490552
2	482	240	180	1323	.136054421768708
2	482	250	149	1323	.112622826908541
2	482	260	95	1323	.071806500377929
2	482	270	90	1323	.0680272108843538
2	482	280	55	1323	.0415721844293273
2	482	290	29	1323	.0219198790627362
2	482	300	5	1323	.00377928949357521
2	482	310	1	1323	.000755857898715042
2	482	320	3	1323	.00226757369614512
2	482	330	1	1323	.000755857898715042
2	483	240	2	665	.00300751879699248
2	483	250	1	665	.00150375939849624
2	483	260	5	665	.0075187969924812
2	483	270	7	665	.0105263157894737
2	483	280	20	665	.0300751879699248
2	483	290	45	665	.0676691729323308
2	483	300	89	665	.133834586466165
2	483	310	88	665	.132330827067669
2	483	320	125	665	.18796992481203
2	483	330	116	665	.174436090225564
2	483	340	76	665	.114285714285714
2	483	350	66	665	.0992481203007519
2	483	360	25	665	.037593984962406
2	484	140	1	2767	.000361402240693892
2	484	160	12	2767	.00433682688832671
2	484	170	43	2767	.0155402963498374
2	484	180	167	2767	.06035417419588
2	484	190	439	2767	.158655583664619
2	484	200	616	2767	.222623780267438
2	484	210	575	2767	.207806288398988
2	484	220	477	2767	.172388868810987
2	484	230	296	2767	.106975063245392
2	484	240	112	2767	.0404770509577159
2	484	250	28	2767	.010119262739429
2	484	260	1	2767	.000361402240693892
2	485	80	18	2142	.00840336134453782
2	485	90	51	2142	.0238095238095238
2	485	100	202	2142	.0943043884220355
2	485	110	290	2142	.135387488328665
2	485	120	226	2142	.105508870214753
2	485	130	144	2142	.0672268907563025
2	485	140	188	2142	.0877684407096172
2	485	150	193	2142	.0901027077497666
2	485	160	273	2142	.127450980392157
2	485	170	251	2142	.1171802054155
2	485	180	184	2142	.0859010270774977
2	485	190	106	2142	.0494864612511671
2	485	200	16	2142	.00746965452847806
2	490	30	2	793	.00252206809583859
2	490	40	19	793	.0239596469104666
2	490	50	92	793	.116015132408575
2	490	60	126	793	.158890290037831
2	490	70	137	793	.172761664564943
2	490	80	144	793	.181588902900378
2	490	90	150	793	.189155107187894
2	490	100	69	793	.0870113493064313
2	490	110	33	793	.0416141235813367
2	490	120	19	793	.0239596469104666
2	490	130	1	793	.00126103404791929
2	490	140	1	793	.00126103404791929
2	491	80	1	947	.00105596620908131
2	491	90	39	947	.0411826821541711
2	491	100	150	947	.158394931362196
2	491	110	104	947	.109820485744456
2	491	120	92	947	.0971488912354805
2	491	130	101	947	.106652587117212
2	491	140	77	947	.0813093980992608
2	491	150	56	947	.0591341077085533
2	491	160	55	947	.058078141499472
2	491	170	81	947	.0855332629355861
2	491	180	67	947	.0707497360084477
2	491	190	74	947	.0781414994720169
2	491	200	45	947	.0475184794086589
2	491	210	5	947	.00527983104540655
2	492	70	1	1480	.000675675675675676
2	492	80	16	1480	.0108108108108108
2	492	90	81	1480	.0547297297297297
2	492	100	170	1480	.114864864864865
2	492	110	200	1480	.135135135135135
2	492	120	161	1480	.108783783783784
2	492	130	119	1480	.0804054054054054
2	492	140	123	1480	.0831081081081081
2	492	150	129	1480	.0871621621621622
2	492	160	128	1480	.0864864864864865
2	492	170	104	1480	.0702702702702703
2	492	180	102	1480	.0689189189189189
2	492	190	86	1480	.0581081081081081
2	492	200	54	1480	.0364864864864865
2	492	210	6	1480	.00405405405405405
2	493	30	1	619	.00161550888529887
2	493	40	11	619	.0177705977382876
2	493	50	58	619	.0936995153473344
2	493	60	95	619	.153473344103393
2	493	70	145	619	.234248788368336
2	493	80	156	619	.252019386106624
2	493	90	133	619	.21486268174475
2	493	100	20	619	.0323101777059774
2	494	30	13	542	.0239852398523985
2	494	40	84	542	.154981549815498
2	494	50	184	542	.339483394833948
2	494	60	92	542	.169741697416974
2	494	70	82	542	.151291512915129
2	494	80	61	542	.112546125461255
2	494	90	26	542	.0479704797047971
2	495	30	10	787	.0127064803049555
2	495	40	60	787	.0762388818297332
2	495	50	93	787	.118170266836086
2	495	60	115	787	.146124523506989
2	495	70	153	787	.19440914866582
2	495	80	237	787	.301143583227446
2	495	90	105	787	.133418043202033
2	495	100	14	787	.0177890724269377
1	440	190	2	107	.0186915887850467
1	440	200	2	107	.0186915887850467
1	440	210	4	107	.0373831775700935
1	440	220	7	107	.0654205607476636
1	440	230	4	107	.0373831775700935
1	440	240	9	107	.0841121495327103
1	440	250	6	107	.0560747663551402
1	440	260	6	107	.0560747663551402
1	440	270	3	107	.0280373831775701
1	440	280	5	107	.0467289719626168
1	440	290	7	107	.0654205607476636
1	440	300	7	107	.0654205607476636
1	440	310	10	107	.0934579439252336
1	440	320	7	107	.0654205607476636
1	440	330	7	107	.0654205607476636
1	440	340	11	107	.102803738317757
1	440	350	6	107	.0560747663551402
1	440	360	3	107	.0280373831775701
1	440	380	1	107	.00934579439252336
1	441	90	4	116	.0344827586206897
1	441	100	15	116	.129310344827586
1	441	110	12	116	.103448275862069
1	441	120	12	116	.103448275862069
1	441	130	17	116	.146551724137931
1	441	140	14	116	.120689655172414
1	441	150	16	116	.137931034482759
1	441	160	11	116	.0948275862068966
1	441	170	11	116	.0948275862068966
1	441	180	2	116	.0172413793103448
1	441	190	1	116	.00862068965517241
1	441	200	1	116	.00862068965517241
1	442	40	2	125	.016
1	442	50	12	125	.096
1	442	60	32	125	.256
1	442	70	46	125	.368
1	442	80	29	125	.232
1	442	90	4	125	.032
1	443	60	9	120	.075
1	443	70	30	120	.25
1	443	80	51	120	.425
1	443	90	18	120	.15
1	443	100	5	120	.0416666666666667
1	443	110	2	120	.0166666666666667
1	443	120	2	120	.0166666666666667
1	443	130	1	120	.00833333333333333
1	443	140	1	120	.00833333333333333
1	443	200	1	120	.00833333333333333
1	444	60	1	171	.00584795321637427
1	444	80	4	171	.0233918128654971
1	444	90	8	171	.0467836257309942
1	444	100	18	171	.105263157894737
1	444	110	16	171	.0935672514619883
1	444	120	22	171	.128654970760234
1	444	130	36	171	.210526315789474
1	444	140	15	171	.087719298245614
1	444	150	26	171	.152046783625731
1	444	160	10	171	.0584795321637427
1	444	170	8	171	.0467836257309942
1	444	180	2	171	.0116959064327485
1	444	200	1	171	.00584795321637427
1	444	210	1	171	.00584795321637427
1	444	220	2	171	.0116959064327485
1	444	260	1	171	.00584795321637427
1	445	90	3	120	.025
1	445	100	1	120	.00833333333333333
1	445	120	1	120	.00833333333333333
1	445	130	4	120	.0333333333333333
1	445	160	1	120	.00833333333333333
1	445	170	1	120	.00833333333333333
1	445	180	4	120	.0333333333333333
1	445	190	6	120	.05
1	445	200	12	120	.1
1	445	210	10	120	.0833333333333333
1	445	220	15	120	.125
1	445	230	10	120	.0833333333333333
1	445	240	10	120	.0833333333333333
1	445	250	10	120	.0833333333333333
1	445	260	12	120	.1
1	445	270	9	120	.075
1	445	280	4	120	.0333333333333333
1	445	290	2	120	.0166666666666667
1	445	320	1	120	.00833333333333333
1	445	330	1	120	.00833333333333333
1	445	350	2	120	.0166666666666667
1	445	390	1	120	.00833333333333333
1	446	200	6	88	.0681818181818182
1	446	210	1	88	.0113636363636364
1	446	220	6	88	.0681818181818182
1	446	230	6	88	.0681818181818182
1	446	240	12	88	.136363636363636
1	446	250	6	88	.0681818181818182
1	446	260	3	88	.0340909090909091
1	446	270	5	88	.0568181818181818
1	446	280	9	88	.102272727272727
1	446	290	5	88	.0568181818181818
1	446	300	2	88	.0227272727272727
1	446	310	4	88	.0454545454545455
1	446	320	8	88	.0909090909090909
1	446	330	2	88	.0227272727272727
1	446	340	7	88	.0795454545454546
1	446	350	1	88	.0113636363636364
1	446	360	3	88	.0340909090909091
1	446	370	1	88	.0113636363636364
1	446	390	1	88	.0113636363636364
1	447	30	5	161	.031055900621118
1	447	40	34	161	.211180124223603
1	447	50	50	161	.31055900621118
1	447	60	45	161	.279503105590062
1	447	70	12	161	.0745341614906832
1	447	80	8	161	.0496894409937888
1	447	90	4	161	.0248447204968944
1	447	100	3	161	.0186335403726708
1	448	40	2	153	.0130718954248366
1	448	50	27	153	.176470588235294
1	448	60	76	153	.496732026143791
1	448	70	24	153	.156862745098039
1	448	80	16	153	.104575163398693
1	448	90	4	153	.0261437908496732
1	448	100	2	153	.0130718954248366
1	448	110	2	153	.0130718954248366
1	449	70	1	58	.0172413793103448
1	449	80	3	58	.0517241379310345
1	449	90	8	58	.137931034482759
1	449	100	17	58	.293103448275862
1	449	110	7	58	.120689655172414
1	449	120	9	58	.155172413793103
1	449	130	6	58	.103448275862069
1	449	140	3	58	.0517241379310345
1	449	150	3	58	.0517241379310345
1	449	180	1	58	.0172413793103448
1	450	50	1	86	.0116279069767442
1	450	60	1	86	.0116279069767442
1	450	80	3	86	.0348837209302326
1	450	90	10	86	.116279069767442
1	450	100	17	86	.197674418604651
1	450	110	11	86	.127906976744186
1	450	120	13	86	.151162790697674
1	450	130	10	86	.116279069767442
1	450	140	6	86	.0697674418604651
1	450	150	5	86	.0581395348837209
1	450	160	4	86	.0465116279069767
1	450	170	3	86	.0348837209302326
1	450	180	1	86	.0116279069767442
1	450	190	1	86	.0116279069767442
1	451	90	1	63	.0158730158730159
1	451	110	1	63	.0158730158730159
1	451	120	1	63	.0158730158730159
1	451	140	1	63	.0158730158730159
1	451	150	1	63	.0158730158730159
1	451	160	1	63	.0158730158730159
1	451	170	4	63	.0634920634920635
1	451	180	5	63	.0793650793650794
1	451	190	8	63	.126984126984127
1	451	200	4	63	.0634920634920635
1	451	210	5	63	.0793650793650794
1	451	220	4	63	.0634920634920635
1	451	230	6	63	.0952380952380952
1	451	240	4	63	.0634920634920635
1	451	250	4	63	.0634920634920635
1	451	260	2	63	.0317460317460317
1	451	270	1	63	.0158730158730159
1	451	280	1	63	.0158730158730159
1	451	290	1	63	.0158730158730159
1	451	300	1	63	.0158730158730159
1	451	310	3	63	.0476190476190476
1	451	330	2	63	.0317460317460317
1	451	360	1	63	.0158730158730159
1	451	370	1	63	.0158730158730159
1	452	130	1	62	.0161290322580645
1	452	150	1	62	.0161290322580645
1	452	160	2	62	.032258064516129
1	452	170	3	62	.0483870967741936
1	452	180	2	62	.032258064516129
1	452	190	4	62	.0645161290322581
1	452	200	11	62	.17741935483871
1	452	210	6	62	.0967741935483871
1	452	220	7	62	.112903225806452
1	452	230	7	62	.112903225806452
1	452	240	2	62	.032258064516129
1	452	250	5	62	.0806451612903226
1	452	260	4	62	.0645161290322581
1	452	270	2	62	.032258064516129
1	452	280	1	62	.0161290322580645
1	452	290	1	62	.0161290322580645
1	452	310	2	62	.032258064516129
1	452	320	1	62	.0161290322580645
1	453	150	2	76	.0263157894736842
1	453	160	2	76	.0263157894736842
1	453	180	2	76	.0263157894736842
1	453	190	8	76	.105263157894737
1	453	200	12	76	.157894736842105
1	453	210	7	76	.0921052631578947
1	453	220	6	76	.0789473684210526
1	453	230	5	76	.0657894736842105
1	453	240	12	76	.157894736842105
1	453	250	4	76	.0526315789473684
1	453	260	3	76	.0394736842105263
1	453	270	2	76	.0263157894736842
1	453	280	2	76	.0263157894736842
1	453	290	1	76	.0131578947368421
1	453	300	1	76	.0131578947368421
1	453	310	1	76	.0131578947368421
1	453	320	1	76	.0131578947368421
1	453	340	4	76	.0526315789473684
1	453	360	1	76	.0131578947368421
1	454	80	2	77	.025974025974026
1	454	90	7	77	.0909090909090909
1	454	100	24	77	.311688311688312
1	454	110	16	77	.207792207792208
1	454	120	11	77	.142857142857143
1	454	130	3	77	.038961038961039
1	454	140	6	77	.0779220779220779
1	454	150	5	77	.0649350649350649
1	454	170	2	77	.025974025974026
1	454	180	1	77	.012987012987013
1	455	20	2	241	.00829875518672199
1	455	30	14	241	.0580912863070539
1	455	40	46	241	.190871369294606
1	455	50	73	241	.302904564315353
1	455	60	53	241	.219917012448133
1	455	70	30	241	.12448132780083
1	455	80	22	241	.0912863070539419
1	455	90	1	241	.004149377593361
1	456	20	5	192	.0260416666666667
1	456	30	11	192	.0572916666666667
1	456	40	30	192	.15625
1	456	50	32	192	.166666666666667
1	456	60	49	192	.255208333333333
1	456	70	22	192	.114583333333333
1	456	80	25	192	.130208333333333
1	456	90	8	192	.0416666666666667
1	456	100	4	192	.0208333333333333
1	456	110	4	192	.0208333333333333
1	456	120	1	192	.00520833333333333
1	456	130	1	192	.00520833333333333
1	457	90	2	64	.03125
1	457	100	3	64	.046875
1	457	110	7	64	.109375
1	457	120	10	64	.15625
1	457	130	14	64	.21875
1	457	140	5	64	.078125
1	457	150	11	64	.171875
1	457	160	4	64	.0625
1	457	170	4	64	.0625
1	457	180	2	64	.03125
1	457	200	1	64	.015625
1	457	220	1	64	.015625
1	458	30	21	139	.151079136690648
1	458	40	24	139	.172661870503597
1	458	50	31	139	.223021582733813
1	458	60	27	139	.194244604316547
1	458	70	17	139	.122302158273381
1	458	80	13	139	.0935251798561151
1	458	90	4	139	.0287769784172662
1	458	100	1	139	.00719424460431655
1	458	110	1	139	.00719424460431655
1	459	60	2	137	.0145985401459854
1	459	70	8	137	.0583941605839416
1	459	80	15	137	.109489051094891
1	459	90	9	137	.0656934306569343
1	459	100	9	137	.0656934306569343
1	459	110	12	137	.0875912408759124
1	459	120	8	137	.0583941605839416
1	459	130	15	137	.109489051094891
1	459	140	10	137	.072992700729927
1	459	150	11	137	.0802919708029197
1	459	160	5	137	.0364963503649635
1	459	170	14	137	.102189781021898
1	459	180	7	137	.0510948905109489
1	459	190	3	137	.0218978102189781
1	459	200	2	137	.0145985401459854
1	459	210	4	137	.0291970802919708
1	459	220	1	137	.0072992700729927
1	459	250	1	137	.0072992700729927
1	459	270	1	137	.0072992700729927
1	460	90	1	74	.0135135135135135
1	460	100	1	74	.0135135135135135
1	460	110	3	74	.0405405405405405
1	460	120	3	74	.0405405405405405
1	460	130	13	74	.175675675675676
1	460	140	12	74	.162162162162162
1	460	150	13	74	.175675675675676
1	460	160	8	74	.108108108108108
1	460	170	12	74	.162162162162162
1	460	180	6	74	.0810810810810811
1	460	190	2	74	.027027027027027
1	461	150	1	62	.0161290322580645
1	461	180	2	62	.032258064516129
1	461	190	6	62	.0967741935483871
1	461	200	7	62	.112903225806452
1	461	210	8	62	.129032258064516
1	461	220	6	62	.0967741935483871
1	461	230	13	62	.209677419354839
1	461	240	8	62	.129032258064516
1	461	250	6	62	.0967741935483871
1	461	260	4	62	.0645161290322581
1	461	270	1	62	.0161290322580645
1	462	80	2	124	.0161290322580645
1	462	90	3	124	.0241935483870968
1	462	100	11	124	.0887096774193548
1	462	110	6	124	.0483870967741936
1	462	120	21	124	.169354838709677
1	462	130	18	124	.145161290322581
1	462	140	17	124	.137096774193548
1	462	150	20	124	.161290322580645
1	462	160	18	124	.145161290322581
1	462	170	7	124	.0564516129032258
1	462	180	1	124	.00806451612903226
1	463	70	15	62	.241935483870968
1	463	80	22	62	.354838709677419
1	463	90	21	62	.338709677419355
1	463	100	4	62	.0645161290322581
1	464	40	4	165	.0242424242424242
1	464	50	17	165	.103030303030303
1	464	60	15	165	.0909090909090909
1	464	70	38	165	.23030303030303
1	464	80	57	165	.345454545454545
1	464	90	34	165	.206060606060606
1	465	90	24	211	.113744075829384
1	465	100	76	211	.360189573459716
1	465	110	32	211	.151658767772512
1	465	120	22	211	.104265402843602
1	465	130	15	211	.0710900473933649
1	465	140	16	211	.0758293838862559
1	465	150	17	211	.0805687203791469
1	465	160	7	211	.033175355450237
1	465	170	1	211	.004739336492891
1	465	180	1	211	.004739336492891
1	466	140	1	76	.0131578947368421
1	466	150	1	76	.0131578947368421
1	466	160	1	76	.0131578947368421
1	466	170	6	76	.0789473684210526
1	466	180	2	76	.0263157894736842
1	466	190	5	76	.0657894736842105
1	466	200	4	76	.0526315789473684
1	466	210	8	76	.105263157894737
1	466	220	5	76	.0657894736842105
1	466	230	8	76	.105263157894737
1	466	240	4	76	.0526315789473684
1	466	250	4	76	.0526315789473684
1	466	260	8	76	.105263157894737
1	466	270	2	76	.0263157894736842
1	466	280	2	76	.0263157894736842
1	466	290	2	76	.0263157894736842
1	466	300	2	76	.0263157894736842
1	466	310	1	76	.0131578947368421
1	466	320	1	76	.0131578947368421
1	466	330	1	76	.0131578947368421
1	466	340	2	76	.0263157894736842
1	466	350	3	76	.0394736842105263
1	466	360	1	76	.0131578947368421
1	466	370	1	76	.0131578947368421
1	466	380	1	76	.0131578947368421
1	470	80	1	63	.0158730158730159
1	470	90	2	63	.0317460317460317
1	470	100	1	63	.0158730158730159
1	470	120	2	63	.0317460317460317
1	470	130	5	63	.0793650793650794
1	470	140	2	63	.0317460317460317
1	470	150	17	63	.26984126984127
1	470	160	9	63	.142857142857143
1	470	170	14	63	.222222222222222
1	470	180	7	63	.111111111111111
1	470	190	3	63	.0476190476190476
1	471	180	3	59	.0508474576271187
1	471	190	11	59	.186440677966102
1	471	200	13	59	.220338983050847
1	471	210	11	59	.186440677966102
1	471	220	8	59	.135593220338983
1	471	230	8	59	.135593220338983
1	471	240	4	59	.0677966101694915
1	471	250	1	59	.0169491525423729
1	472	90	5	88	.0568181818181818
1	472	100	12	88	.136363636363636
1	472	110	9	88	.102272727272727
1	472	120	3	88	.0340909090909091
1	472	130	6	88	.0681818181818182
1	472	140	19	88	.215909090909091
1	472	150	12	88	.136363636363636
1	472	160	12	88	.136363636363636
1	472	170	6	88	.0681818181818182
1	472	180	4	88	.0454545454545455
1	473	70	2	61	.0327868852459016
1	473	80	23	61	.377049180327869
1	473	90	36	61	.59016393442623
1	474	50	1	58	.0172413793103448
1	474	60	2	58	.0344827586206897
1	474	70	5	58	.0862068965517241
1	474	80	36	58	.620689655172414
1	474	90	13	58	.224137931034483
1	474	100	1	58	.0172413793103448
1	475	70	3	60	.05
1	475	80	23	60	.383333333333333
1	475	90	33	60	.55
1	475	100	1	60	.0166666666666667
1	476	100	6	86	.0697674418604651
1	476	110	9	86	.104651162790698
1	476	120	11	86	.127906976744186
1	476	130	9	86	.104651162790698
1	476	140	18	86	.209302325581395
1	476	150	17	86	.197674418604651
1	476	160	12	86	.13953488372093
1	476	170	3	86	.0348837209302326
1	476	180	1	86	.0116279069767442
1	477	70	1	98	.0102040816326531
1	477	80	1	98	.0102040816326531
1	477	90	11	98	.112244897959184
1	477	100	20	98	.204081632653061
1	477	110	31	98	.316326530612245
1	477	120	18	98	.183673469387755
1	477	130	10	98	.102040816326531
1	477	140	5	98	.0510204081632653
1	477	150	1	98	.0102040816326531
1	478	140	1	75	.0133333333333333
1	478	160	1	75	.0133333333333333
1	478	170	1	75	.0133333333333333
1	478	190	4	75	.0533333333333333
1	478	200	5	75	.0666666666666667
1	478	210	8	75	.106666666666667
1	478	220	12	75	.16
1	478	230	4	75	.0533333333333333
1	478	240	4	75	.0533333333333333
1	478	250	3	75	.04
1	478	260	3	75	.04
1	478	270	4	75	.0533333333333333
1	478	280	2	75	.0266666666666667
1	478	290	4	75	.0533333333333333
1	478	300	6	75	.08
1	478	310	3	75	.04
1	478	320	1	75	.0133333333333333
1	478	330	2	75	.0266666666666667
1	478	340	2	75	.0266666666666667
1	478	350	3	75	.04
1	478	360	1	75	.0133333333333333
1	478	380	1	75	.0133333333333333
1	480	40	2	154	.012987012987013
1	480	50	3	154	.0194805194805195
1	480	60	16	154	.103896103896104
1	480	70	20	154	.12987012987013
1	480	80	50	154	.324675324675325
1	480	90	59	154	.383116883116883
1	480	100	4	154	.025974025974026
1	481	80	2	173	.0115606936416185
1	481	90	11	173	.0635838150289017
1	481	100	38	173	.219653179190751
1	481	110	22	173	.127167630057803
1	481	120	29	173	.167630057803468
1	481	130	21	173	.121387283236994
1	481	140	8	173	.046242774566474
1	481	150	11	173	.0635838150289017
1	481	160	9	173	.0520231213872832
1	481	170	14	173	.0809248554913295
1	481	180	6	173	.0346820809248555
1	481	190	1	173	.00578034682080925
1	481	200	1	173	.00578034682080925
1	482	180	2	74	.027027027027027
1	482	190	4	74	.0540540540540541
1	482	200	4	74	.0540540540540541
1	482	210	7	74	.0945945945945946
1	482	220	13	74	.175675675675676
1	482	230	9	74	.121621621621622
1	482	240	7	74	.0945945945945946
1	482	250	7	74	.0945945945945946
1	482	260	8	74	.108108108108108
1	482	270	6	74	.0810810810810811
1	482	280	5	74	.0675675675675676
1	482	290	1	74	.0135135135135135
1	482	320	1	74	.0135135135135135
1	483	240	1	59	.0169491525423729
1	483	270	1	59	.0169491525423729
1	483	280	3	59	.0508474576271187
1	483	290	5	59	.0847457627118644
1	483	300	12	59	.203389830508475
1	483	310	9	59	.152542372881356
1	483	320	14	59	.23728813559322
1	483	330	7	59	.11864406779661
1	483	340	3	59	.0508474576271187
1	483	350	3	59	.0508474576271187
1	483	360	1	59	.0169491525423729
1	484	160	1	91	.010989010989011
1	484	170	2	91	.021978021978022
1	484	180	7	91	.0769230769230769
1	484	190	16	91	.175824175824176
1	484	200	17	91	.186813186813187
1	484	210	16	91	.175824175824176
1	484	220	20	91	.21978021978022
1	484	230	6	91	.0659340659340659
1	484	240	4	91	.043956043956044
1	484	250	2	91	.021978021978022
1	485	80	1	96	.0104166666666667
1	485	90	3	96	.03125
1	485	100	9	96	.09375
1	485	110	15	96	.15625
1	485	120	4	96	.0416666666666667
1	485	130	9	96	.09375
1	485	140	12	96	.125
1	485	150	8	96	.0833333333333333
1	485	160	10	96	.104166666666667
1	485	170	17	96	.177083333333333
1	485	180	4	96	.0416666666666667
1	485	190	4	96	.0416666666666667
1	490	40	4	97	.0412371134020619
1	490	50	10	97	.103092783505155
1	490	60	14	97	.144329896907216
1	490	70	12	97	.123711340206186
1	490	80	23	97	.237113402061856
1	490	90	27	97	.278350515463918
1	490	100	5	97	.0515463917525773
1	490	110	1	97	.0103092783505155
1	490	120	1	97	.0103092783505155
1	491	80	1	91	.010989010989011
1	491	90	4	91	.043956043956044
1	491	100	12	91	.131868131868132
1	491	110	8	91	.0879120879120879
1	491	120	12	91	.131868131868132
1	491	130	10	91	.10989010989011
1	491	140	6	91	.0659340659340659
1	491	150	3	91	.032967032967033
1	491	160	4	91	.043956043956044
1	491	170	9	91	.0989010989010989
1	491	180	10	91	.10989010989011
1	491	190	6	91	.0659340659340659
1	491	200	6	91	.0659340659340659
1	492	80	1	92	.0108695652173913
1	492	90	5	92	.0543478260869565
1	492	100	14	92	.152173913043478
1	492	110	12	92	.130434782608696
1	492	120	8	92	.0869565217391304
1	492	130	7	92	.0760869565217391
1	492	140	8	92	.0869565217391304
1	492	150	11	92	.119565217391304
1	492	160	7	92	.0760869565217391
1	492	170	5	92	.0543478260869565
1	492	180	6	92	.0652173913043478
1	492	190	5	92	.0543478260869565
1	492	200	2	92	.0217391304347826
1	492	210	1	92	.0108695652173913
1	493	40	2	84	.0238095238095238
1	493	50	6	84	.0714285714285714
1	493	60	14	84	.166666666666667
1	493	70	13	84	.154761904761905
1	493	80	29	84	.345238095238095
1	493	90	19	84	.226190476190476
1	493	100	1	84	.0119047619047619
1	494	30	2	60	.0333333333333333
1	494	40	12	60	.2
1	494	50	21	60	.35
1	494	60	9	60	.15
1	494	70	12	60	.2
1	494	80	3	60	.05
1	494	90	1	60	.0166666666666667
1	495	40	3	59	.0508474576271187
1	495	50	7	59	.11864406779661
1	495	60	12	59	.203389830508475
1	495	70	15	59	.254237288135593
1	495	80	13	59	.220338983050847
1	495	90	9	59	.152542372881356
