SOURCE STRATA DEP10 N.BREAK TOTN DISTFRAC
2 401 50 8 3714 .002154011847065159
2 401 60 107 3714 .028809908454496498
2 401 70 160 3714 .043080236941303175
2 401 80 478 3714 .12870220786214323
2 401 90 457 3714 .1230479267635972
2 401 100 595 3714 .1602046311254712
2 401 110 333 3714 .08966074313408724
2 401 120 293 3714 .07889068389876144
2 401 130 276 3714 .07431340872374798
2 401 140 349 3714 .09396876682821756
2 401 150 256 3714 .06892837910608508
2 401 160 226 3714 .06085083467959074
2 401 170 108 3714 .029079159935379646
2 401 180 34 3714 .009154550350026925
2 401 190 4 3714 .0010770059235325794
2 401 200 9 3714 .0024232633279483036
2 401 210 2 3714 .0005385029617662897
2 401 220 2 3714 .0005385029617662897
2 401 230 6 3714 .0016155088852988692
2 401 240 2 3714 .0005385029617662897
2 401 250 3 3714 .0008077544426494346
2 401 260 3 3714 .0008077544426494346
2 401 270 3 3714 .0008077544426494346
2 402 40 6 4651 .0012900451515803052
2 402 50 12 4651 .0025800903031606105
2 402 60 20 4651 .0043001505052676844
2 402 70 73 4651 .01569554934422705
2 402 80 237 4651 .05095678348742206
2 402 90 290 4651 .06235218232638142
2 402 100 435 4651 .09352827348957214
2 402 110 283 4651 .060847129649537736
2 402 120 372 4651 .07998279939797893
2 402 130 301 4651 .06471726510427865
2 402 140 328 4651 .07052246828639003
2 402 150 252 4651 .05418189636637282
2 402 160 271 4651 .05826703934637712
2 402 170 182 4651 .03913136959793593
2 402 180 252 4651 .05418189636637282
2 402 190 177 4651 .038056331971619006
2 402 200 286 4651 .06149215222532789
2 402 210 139 4651 .029886046011610407
2 402 220 171 4651 .0367662868200387
2 402 230 72 4651 .015480541818963663
2 402 240 95 4651 .0204257149000215
2 402 250 84 4651 .018060632122124276
2 402 260 57 4651 .0122554289400129
2 402 270 36 4651 .0077402709094818315
2 402 280 36 4651 .0077402709094818315
2 402 290 26 4651 .005590195656847989
2 402 300 32 4651 .006880240808428295
2 402 310 24 4651 .005160180606321221
2 402 320 31 4651 .00666523328316491
2 402 330 19 4651 .0040851429800043
2 402 340 15 4651 .0032251128789507633
2 402 350 10 4651 .0021500752526338422
2 402 360 17 4651 .0036551279294775316
2 402 370 5 4651 .0010750376263169211
2 402 380 5 4651 .0010750376263169211
2 403 20 4 4517 .0008855435023245517
2 403 30 62 4517 .01372592428603055
2 403 40 552 4517 .12220500332078814
2 403 50 723 4517 .16006198804516272
2 403 60 1435 4517 .3176887314589329
2 403 70 668 4517 .14788576488820013
2 403 80 334 4517 .07394288244410006
2 403 90 156 4517 .034536196590657514
2 403 100 129 4517 .028558777949966793
2 403 110 56 4517 .012397609032543723
2 403 120 61 4517 .013504538410449414
2 403 130 51 4517 .011290679654638034
2 403 140 86 4517 .019039185299977862
2 403 150 44 4517 .00974097852557007
2 403 160 71 4517 .015718397166260792
2 403 170 35 4517 .007748505645339828
2 403 180 44 4517 .00974097852557007
2 403 190 2 4517 .00044277175116227583
2 403 200 1 4517 .00022138587558113792
2 403 210 1 4517 .00022138587558113792
2 403 220 1 4517 .00022138587558113792
2 403 240 1 4517 .00022138587558113792
2 404 90 1 227 .004405286343612335
2 404 100 2 227 .00881057268722467
2 404 110 5 227 .022026431718061675
2 404 120 4 227 .01762114537444934
2 404 130 6 227 .02643171806167401
2 404 140 10 227 .04405286343612335
2 404 150 7 227 .030837004405286344
2 404 160 12 227 .05286343612334802
2 404 170 13 227 .05726872246696035
2 404 180 29 227 .1277533039647577
2 404 190 16 227 .07048458149779736
2 404 200 19 227 .08370044052863436
2 404 210 17 227 .07488986784140969
2 404 220 14 227 .06167400881057269
2 404 230 12 227 .05286343612334802
2 404 240 17 227 .07488986784140969
2 404 250 8 227 .03524229074889868
2 404 260 6 227 .02643171806167401
2 404 270 4 227 .01762114537444934
2 404 280 6 227 .02643171806167401
2 404 290 3 227 .013215859030837005
2 404 300 4 227 .01762114537444934
2 404 310 3 227 .013215859030837005
2 404 330 1 227 .004405286343612335
2 404 360 1 227 .004405286343612335
2 404 370 1 227 .004405286343612335
2 404 390 2 227 .00881057268722467
2 404 400 2 227 .00881057268722467
2 404 420 1 227 .004405286343612335
2 404 510 1 227 .004405286343612335
2 405 60 5 610 .00819672131147541
2 405 70 4 610 .006557377049180328
2 405 80 8 610 .013114754098360656
2 405 90 8 610 .013114754098360656
2 405 100 18 610 .029508196721311476
2 405 110 10 610 .01639344262295082
2 405 120 21 610 .03442622950819672
2 405 130 26 610 .04262295081967213
2 405 140 30 610 .04918032786885246
2 405 150 49 610 .08032786885245902
2 405 160 68 610 .11147540983606558
2 405 170 46 610 .07540983606557378
2 405 180 64 610 .10491803278688525
2 405 190 50 610 .08196721311475409
2 405 200 56 610 .09180327868852459
2 405 210 45 610 .07377049180327869
2 405 220 33 610 .054098360655737705
2 405 230 15 610 .02459016393442623
2 405 240 21 610 .03442622950819672
2 405 250 10 610 .01639344262295082
2 405 260 17 610 .027868852459016394
2 405 270 4 610 .006557377049180328
2 405 280 1 610 .001639344262295082
2 405 290 1 610 .001639344262295082
2 406 10 1 6195 .00016142050040355126
2 406 20 10 6195 .0016142050040355124
2 406 30 182 6195 .02937853107344633
2 406 40 326 6195 .05262308313155771
2 406 50 345 6195 .05569007263922518
2 406 60 441 6195 .0711864406779661
2 406 70 333 6195 .05375302663438257
2 406 80 358 6195 .057788539144471344
2 406 90 238 6195 .0384180790960452
2 406 100 415 6195 .06698950766747377
2 406 110 333 6195 .05375302663438257
2 406 120 516 6195 .08329297820823245
2 406 130 417 6195 .06731234866828087
2 406 140 550 6195 .08878127522195318
2 406 150 451 6195 .07280064568200162
2 406 160 643 6195 .10379338175948345
2 406 170 296 6195 .04778046811945117
2 406 180 220 6195 .03551251008878128
2 406 190 75 6195 .012106537530266344
2 406 200 39 6195 .006295399515738499
2 406 210 5 6195 .0008071025020177562
2 406 220 1 6195 .00016142050040355126
2 407 50 2 2320 .0008620689655172414
2 407 60 9 2320 .003879310344827586
2 407 70 28 2320 .01206896551724138
2 407 80 63 2320 .027155172413793102
2 407 90 105 2320 .04525862068965517
2 407 100 179 2320 .0771551724137931
2 407 110 203 2320 .0875
2 407 120 206 2320 .08879310344827586
2 407 130 171 2320 .07370689655172413
2 407 140 282 2320 .12155172413793103
2 407 150 147 2320 .06336206896551724
2 407 160 195 2320 .08405172413793104
2 407 170 132 2320 .056896551724137934
2 407 180 160 2320 .06896551724137931
2 407 190 107 2320 .046120689655172416
2 407 200 114 2320 .04913793103448276
2 407 210 62 2320 .026724137931034484
2 407 220 59 2320 .02543103448275862
2 407 230 34 2320 .014655172413793103
2 407 240 25 2320 .010775862068965518
2 407 250 12 2320 .005172413793103448
2 407 260 9 2320 .003879310344827586
2 407 270 4 2320 .0017241379310344827
2 407 280 4 2320 .0017241379310344827
2 407 290 4 2320 .0017241379310344827
2 407 300 4 2320 .0017241379310344827
2 408 20 10 4019 .002488181139586962
2 408 30 142 4019 .03533217218213486
2 408 40 302 4019 .07514307041552624
2 408 50 348 4019 .08658870365762628
2 408 60 470 4019 .11694451356058722
2 408 70 473 4019 .1176909679024633
2 408 80 649 4019 .16148295595919382
2 408 90 470 4019 .11694451356058722
2 408 100 351 4019 .08733515799950237
2 408 110 141 4019 .03508335406817616
2 408 120 155 4019 .03856680766359791
2 408 130 132 4019 .0328439910425479
2 408 140 121 4019 .030106991789002238
2 408 150 48 4019 .011943269470017417
2 408 160 28 4019 .006966907190843493
2 408 170 23 4019 .005722816621050012
2 408 180 18 4019 .004478726051256532
2 408 190 18 4019 .004478726051256532
2 408 200 18 4019 .004478726051256532
2 408 210 9 4019 .002239363025628266
2 408 220 10 4019 .002488181139586962
2 408 230 4 4019 .0009952724558347848
2 408 240 5 4019 .001244090569793481
2 408 250 8 4019 .0019905449116695696
2 408 260 12 4019 .002985817367504354
2 408 270 6 4019 .001492908683752177
2 408 280 13 4019 .0032346354814630504
2 408 290 9 4019 .002239363025628266
2 408 300 10 4019 .002488181139586962
2 408 310 7 4019 .0017417267977108733
2 408 320 7 4019 .0017417267977108733
2 408 330 2 4019 .0004976362279173924
2 409 30 16 2059 .007770762506070908
2 409 40 288 2059 .13987372510927634
2 409 50 563 2059 .2734337056823701
2 409 60 675 2059 .32782904322486645
2 409 70 299 2059 .1452161243322001
2 409 80 183 2059 .08887809616318601
2 409 90 28 2059 .013598834385624089
2 409 100 6 2059 .0029140359397765905
2 409 110 1 2059 .00048567265662943174
2 410 60 1 4078 .0002452182442373713
2 410 70 62 4078 .015203531142717018
2 410 80 164 4078 .04021579205492889
2 410 90 434 4078 .10642471799901913
2 410 100 1284 4078 .3148602256007847
2 410 110 442 4078 .1083864639529181
2 410 120 440 4078 .10789602746444335
2 410 130 329 4078 .08067680235409515
2 410 140 286 4078 .07013241785188817
2 410 150 232 4078 .05689063266307013
2 410 160 158 4078 .03874448258950466
2 410 170 71 4078 .01741049534085336
2 410 180 63 4078 .01544874938695439
2 410 190 15 4078 .003678273663560569
2 410 200 17 4078 .004168710152035311
2 410 210 8 4078 .00196174595389897
2 410 220 9 4078 .002206964198136341
2 410 230 6 4078 .0014713094654242277
2 410 240 8 4078 .00196174595389897
2 410 250 6 4078 .0014713094654242277
2 410 260 4 4078 .000980872976949485
2 410 270 4 4078 .000980872976949485
2 410 280 8 4078 .00196174595389897
2 410 290 8 4078 .00196174595389897
2 410 300 4 4078 .000980872976949485
2 410 310 2 4078 .0004904364884747426
2 410 320 3 4078 .0007356547327121138
2 410 340 3 4078 .0007356547327121138
2 410 350 1 4078 .0002452182442373713
2 410 360 2 4078 .0004904364884747426
2 410 390 2 4078 .0004904364884747426
2 410 400 2 4078 .0004904364884747426
2 411 110 2 510 .00392156862745098
2 411 120 3 510 .0058823529411764705
2 411 130 9 510 .01764705882352941
2 411 140 12 510 .023529411764705882
2 411 150 9 510 .01764705882352941
2 411 160 27 510 .052941176470588235
2 411 170 22 510 .043137254901960784
2 411 180 28 510 .054901960784313725
2 411 190 28 510 .054901960784313725
2 411 200 60 510 .11764705882352941
2 411 210 34 510 .06666666666666667
2 411 220 39 510 .07647058823529412
2 411 230 30 510 .058823529411764705
2 411 240 47 510 .09215686274509804
2 411 250 21 510 .041176470588235294
2 411 260 23 510 .045098039215686274
2 411 270 20 510 .0392156862745098
2 411 280 22 510 .043137254901960784
2 411 290 11 510 .021568627450980392
2 411 300 21 510 .041176470588235294
2 411 310 6 510 .011764705882352941
2 411 320 6 510 .011764705882352941
2 411 330 2 510 .00392156862745098
2 411 340 8 510 .01568627450980392
2 411 350 6 510 .011764705882352941
2 411 360 3 510 .0058823529411764705
2 411 380 1 510 .00196078431372549
2 411 390 1 510 .00196078431372549
2 411 400 3 510 .0058823529411764705
2 411 420 1 510 .00196078431372549
2 411 440 1 510 .00196078431372549
2 411 510 1 510 .00196078431372549
2 411 540 1 510 .00196078431372549
2 411 560 1 510 .00196078431372549
2 411 570 1 510 .00196078431372549
1 401 60 3 90 .03333333333333333
1 401 70 5 90 .05555555555555555
1 401 80 15 90 .16666666666666666
1 401 90 10 90 .1111111111111111
1 401 100 12 90 .13333333333333333
1 401 110 15 90 .16666666666666666
1 401 120 5 90 .05555555555555555
1 401 130 5 90 .05555555555555555
1 401 140 5 90 .05555555555555555
1 401 150 5 90 .05555555555555555
1 401 160 5 90 .05555555555555555
1 401 170 3 90 .03333333333333333
1 401 180 1 90 .011111111111111112
1 401 200 1 90 .011111111111111112
1 402 80 8 189 .042328042328042326
1 402 90 15 189 .07936507936507936
1 402 100 9 189 .047619047619047616
1 402 110 15 189 .07936507936507936
1 402 120 17 189 .08994708994708994
1 402 130 13 189 .06878306878306878
1 402 140 9 189 .047619047619047616
1 402 150 11 189 .0582010582010582
1 402 160 4 189 .021164021164021163
1 402 170 6 189 .031746031746031744
1 402 180 10 189 .05291005291005291
1 402 190 5 189 .026455026455026454
1 402 200 8 189 .042328042328042326
1 402 210 6 189 .031746031746031744
1 402 220 5 189 .026455026455026454
1 402 230 4 189 .021164021164021163
1 402 240 8 189 .042328042328042326
1 402 250 7 189 .037037037037037035
1 402 260 4 189 .021164021164021163
1 402 270 3 189 .015873015873015872
1 402 280 6 189 .031746031746031744
1 402 300 2 189 .010582010582010581
1 402 310 2 189 .010582010582010581
1 402 320 1 189 .005291005291005291
1 402 330 2 189 .010582010582010581
1 402 340 3 189 .015873015873015872
1 402 350 1 189 .005291005291005291
1 402 360 1 189 .005291005291005291
1 402 370 2 189 .010582010582010581
1 402 380 1 189 .005291005291005291
1 402 390 1 189 .005291005291005291
1 403 30 4 100 .04
1 403 40 8 100 .08
1 403 50 17 100 .17
1 403 60 26 100 .26
1 403 70 19 100 .19
1 403 80 10 100 .1
1 403 90 6 100 .06
1 403 120 2 100 .02
1 403 130 2 100 .02
1 403 150 3 100 .03
1 403 170 1 100 .01
1 403 180 2 100 .02
1 404 150 1 37 .02702702702702703
1 404 180 1 37 .02702702702702703
1 404 200 4 37 .10810810810810811
1 404 210 1 37 .02702702702702703
1 404 220 4 37 .10810810810810811
1 404 230 4 37 .10810810810810811
1 404 240 5 37 .13513513513513514
1 404 260 4 37 .10810810810810811
1 404 270 3 37 .08108108108108109
1 404 280 2 37 .05405405405405406
1 404 300 3 37 .08108108108108109
1 404 330 1 37 .02702702702702703
1 404 390 1 37 .02702702702702703
1 404 430 1 37 .02702702702702703
1 404 500 1 37 .02702702702702703
1 404 510 1 37 .02702702702702703
1 405 70 1 95 .010526315789473684
1 405 90 2 95 .021052631578947368
1 405 100 3 95 .031578947368421054
1 405 110 2 95 .021052631578947368
1 405 120 1 95 .010526315789473684
1 405 130 6 95 .06315789473684211
1 405 140 8 95 .08421052631578947
1 405 150 5 95 .05263157894736842
1 405 160 7 95 .07368421052631578
1 405 170 6 95 .06315789473684211
1 405 180 5 95 .05263157894736842
1 405 190 8 95 .08421052631578947
1 405 200 7 95 .07368421052631578
1 405 210 7 95 .07368421052631578
1 405 220 10 95 .10526315789473684
1 405 230 6 95 .06315789473684211
1 405 240 4 95 .042105263157894736
1 405 250 4 95 .042105263157894736
1 405 260 2 95 .021052631578947368
1 405 270 1 95 .010526315789473684
1 406 30 3 143 .02097902097902098
1 406 40 7 143 .04895104895104895
1 406 50 10 143 .06993006993006994
1 406 60 6 143 .04195804195804196
1 406 70 11 143 .07692307692307693
1 406 80 8 143 .055944055944055944
1 406 90 8 143 .055944055944055944
1 406 100 5 143 .03496503496503497
1 406 110 8 143 .055944055944055944
1 406 120 8 143 .055944055944055944
1 406 130 8 143 .055944055944055944
1 406 140 14 143 .0979020979020979
1 406 150 15 143 .1048951048951049
1 406 160 13 143 .09090909090909091
1 406 170 10 143 .06993006993006994
1 406 180 4 143 .027972027972027972
1 406 190 2 143 .013986013986013986
1 406 200 1 143 .006993006993006993
1 406 230 1 143 .006993006993006993
1 406 290 1 143 .006993006993006993
1 407 90 9 110 .08181818181818182
1 407 100 8 110 .07272727272727272
1 407 110 13 110 .11818181818181818
1 407 120 11 110 .1
1 407 130 8 110 .07272727272727272
1 407 140 7 110 .06363636363636363
1 407 150 13 110 .11818181818181818
1 407 160 6 110 .05454545454545454
1 407 170 5 110 .045454545454545456
1 407 180 3 110 .02727272727272727
1 407 190 9 110 .08181818181818182
1 407 200 5 110 .045454545454545456
1 407 210 2 110 .01818181818181818
1 407 220 2 110 .01818181818181818
1 407 230 2 110 .01818181818181818
1 407 240 2 110 .01818181818181818
1 407 250 3 110 .02727272727272727
1 407 300 1 110 .00909090909090909
1 407 340 1 110 .00909090909090909
1 408 40 17 168 .10119047619047619
1 408 50 14 168 .08333333333333333
1 408 60 17 168 .10119047619047619
1 408 70 16 168 .09523809523809523
1 408 80 22 168 .13095238095238096
1 408 90 22 168 .13095238095238096
1 408 100 20 168 .11904761904761904
1 408 110 11 168 .06547619047619048
1 408 120 9 168 .05357142857142857
1 408 130 7 168 .041666666666666664
1 408 140 5 168 .02976190476190476
1 408 160 3 168 .017857142857142856
1 408 220 1 168 .005952380952380952
1 408 230 1 168 .005952380952380952
1 408 260 1 168 .005952380952380952
1 408 350 1 168 .005952380952380952
1 408 360 1 168 .005952380952380952
1 409 40 13 177 .07344632768361582
1 409 50 49 177 .2768361581920904
1 409 60 48 177 .2711864406779661
1 409 70 44 177 .24858757062146894
1 409 80 20 177 .11299435028248588
1 409 90 3 177 .01694915254237288
1 410 70 1 106 .009433962264150943
1 410 80 7 106 .0660377358490566
1 410 90 6 106 .05660377358490566
1 410 100 20 106 .18867924528301888
1 410 110 30 106 .2830188679245283
1 410 120 10 106 .09433962264150944
1 410 130 14 106 .1320754716981132
1 410 140 6 106 .05660377358490566
1 410 150 6 106 .05660377358490566
1 410 160 5 106 .04716981132075472
1 410 170 1 106 .009433962264150943
1 411 150 1 35 .02857142857142857
1 411 160 1 35 .02857142857142857
1 411 190 1 35 .02857142857142857
1 411 200 4 35 .11428571428571428
1 411 210 2 35 .05714285714285714
1 411 220 3 35 .08571428571428572
1 411 230 8 35 .22857142857142856
1 411 240 4 35 .11428571428571428
1 411 250 3 35 .08571428571428572
1 411 260 3 35 .08571428571428572
1 411 270 2 35 .05714285714285714
1 411 280 2 35 .05714285714285714
1 411 300 1 35 .02857142857142857
